94.66 89.379 87.589 82.995
96.711 93.956 95.733 95.778
96.711 93.956 95.733 95.778
96.711 93.956 95.733 95.778
98.844 95.733 97.822 97.556
91.253 87.077 91.253 91.220
98.844 95.733 97.822 97.556
98.844 95.733 97.822 97.556
91.253 87.077 91.253 91.220
91.253 87.077 91.253 91.220
90.875 86.375 86.875 90
95.248 96.901 95.868 97.004
90.875 86.375 86.875 90
95.248 96.901 95.868 97.004
90.875 86.375 86.875 90
95.248 96.901 95.868 97.004
84.687 77.763 83.023 79.694
92.489 81.556 89.333 84.356
92.489 81.556 89.333 84.356
92.489 81.556 89.333 84.356
99.933 99.467 99.667 99.4
99.933 99.467 99.667 99.4
97.436 77.778 98.632 96.239
97.436 77.778 98.632 96.239
97.436 77.778 98.632 96.239
98.987 93.387 99.653 96.213
99.067 94.133 98.6 96.8
99.067 94.133 98.6 96.8
99.167 96.333 99.7 96.8